mean: [0.18541216 0.18541513 0.18545927]
std: [0.20472424 0.20472155 0.20475319]